test_loss: 0.8587828874588013
mse: 0.8579887747764587
mae: 0.735653817653656
r2: 0.17040322422981263
